WeightedMean[ points:{ { ( _Integer | _Real ), ( _Integer | _Real ) } .. } ] := Module[
    { xoversig2sum, oneoversig2sum },
    xoversig2sum = Plus @@ ( ( #[[1]] / #[[2]]^2 )& /@ points );
    oneoversig2sum = Plus @@ ( ( 1 / #[[2]]^2 )& /@ points );
    If[ oneoversig2sum == 0, { 0, 0 },
        { xoversig2sum / oneoversig2sum, Sqrt[ 1 / oneoversig2sum ] } ] ];

Y1s mean mass, rms mass and sigma

mass = 9.46040099683862      +/-   3.256249447448489*^-005 GeV
wide = 3.87873981675892      +/-   2.238290407357293*^-002 MeV

mass = 9.46034679215116      +/-   2.534894619296433*^-005 GeV
wide = 3.91305553478331      +/-   2.065464742637901*^-002 MeV

mass = 9.46022373306234      +/-   3.067058747107630*^-005 GeV
wide = 3.90153816639143      +/-   2.321277679335641*^-002 MeV

mass = 9.46000548013409      +/-   3.679344165770287*^-005 GeV
wide = 3.84751710758281      +/-   2.749053495277575*^-002 MeV

mass = 9.46014216298125      +/-   4.410886322284765*^-005 GeV
wide = 3.89619920436313      +/-   2.900182352909300*^-002 MeV

mass = 9.45981460184117      +/-   4.545648524323812*^-005 GeV
wide = 3.99646853862200      +/-   3.741969616417032*^-002 MeV

mass = 9.45980300642493      +/-   2.092560943965562*^-005 GeV
wide = 3.81493724363358      +/-   1.868184226189960*^-002 MeV

y1sMass = WeightedMean[ {
    {9.46040099683862, 3.256249447448489*^-005},
    {9.46034679215116, 2.534894619296433*^-005},
    {9.46022373306234, 3.067058747107630*^-005},
    {9.46000548013409, 3.679344165770287*^-005},
    {9.46014216298125, 4.410886322284765*^-005},
    {9.45981460184117, 4.545648524323812*^-005},
    {9.45980300642493, 2.092560943965562*^-005}
                        } ]

Out[2]= {9.46009, 0.0000114838}

y1sWide = WeightedMean[ {
    {3.87873981675892, 2.238290407357293*^-002},
    {3.91305553478331, 2.065464742637901*^-002},
    {3.90153816639143, 2.321277679335641*^-002},
    {3.84751710758281, 2.749053495277575*^-002},
    {3.89619920436313, 2.900182352909300*^-002},
    {3.99646853862200, 3.741969616417032*^-002},
    {3.81493724363358, 1.868184226189960*^-002}
                        } ]

Out[3]= {3.87902, 0.00902129}

Y2s mean mass, rms mass and sigma

mass = 10.0246158426987      +/-   5.186169032013737*^-005 GeV
wide = 4.15041823577207      +/-   8.373654585934931*^-002 MeV

mass = 10.0244956397198      +/-   3.751419610874711*^-005 GeV
wide = 4.28652726021513      +/-   4.154660645794238*^-002 MeV

mass = 10.0243920127610      +/-   3.564625682872852*^-005 GeV
wide = 4.27196662776114      +/-   5.903821350954819*^-002 MeV

mass = 10.0240620431931      +/-   6.525813016213964*^-005 GeV
wide = 4.15814343506467      +/-   4.006187408332972*^-002 MeV

y2sMass = WeightedMean[ {
    {10.0246158426987, 5.186169032013737*^-005},
    {10.0244956397198, 3.751419610874711*^-005},
    {10.0243920127610, 3.564625682872852*^-005},
    {10.0240620431931, 6.525813016213964*^-005}
              } ]

Out[4]= {10.0244, 0.0000218001}

y2sWide = WeightedMean[ {
    {4.15041823577207, 8.373654585934931*^-002},
    {4.28652726021513, 4.154660645794238*^-002},
    {4.27196662776114, 5.903821350954819*^-002},
    {4.15814343506467, 4.006187408332972*^-002}
              } ]

Out[5]= {4.22306, 0.0247543}

Y3s mean mass, rms mass and sigma

mass = 10.3587573240278      +/-   8.650453759038591*^-005 GeV
wide = 4.57908405145130      +/-   7.346443098781938*^-002 MeV

mass = 10.3590401340337      +/-   8.343803420376312*^-005 GeV
wide = 4.59569616444977      +/-   7.908035507126444*^-002 MeV

mass = 10.3582679727764      +/-   1.022406318795555*^-004 GeV
wide = 4.63810240013466      +/-   2.670782521433786*^-002 MeV

mass = 10.3580791342935      +/-   1.010740549282410*^-004 GeV
wide = 4.60539155374842      +/-   8.884827917177220*^-002 MeV

mass = 10.3580572606527      +/-   6.860187276749588*^-005 GeV
wide = 4.68338758878447      +/-   1.112859325254276*^-002 MeV

mass = 10.3580600167044      +/-   8.897519743023776*^-005 GeV
wide = 4.62315319319341      +/-   6.846542272265113*^-002 MeV

mass = 10.3582515269087      +/-   1.196628347212454*^-004 GeV
wide = 4.82972479965125      +/-   9.659519899902380*^-002 MeV

y3sMass = WeightedMean[ {
    {10.3587573240278, 8.650453759038591*^-005},
    {10.3590401340337, 8.343803420376312*^-005},
    {10.3582679727764, 1.022406318795555*^-004},
    {10.3580791342935, 1.010740549282410*^-004},
    {10.3580572606527, 6.860187276749588*^-005},
    {10.3580600167044, 8.897519743023776*^-005},
    {10.3582515269087, 1.196628347212454*^-004}
              } ]

Out[6]= {10.3584, 0.0000337203}

y3sWide = WeightedMean[ {
    {4.57908405145130, 7.346443098781938*^-002},
    {4.59569616444977, 7.908035507126444*^-002},
    {4.63810240013466, 2.670782521433786*^-002},
    {4.60539155374842, 8.884827917177220*^-002},
    {4.68338758878447, 1.112859325254276*^-002},
    {4.62315319319341, 6.846542272265113*^-002},
    {4.82972479965125, 9.659519899902380*^-002}
              } ]

Out[7]= {4.67327, 0.00986822}

interp = Interpolation[ { {y1sMass[[1]], y1sWide[[1]]},
                          {y2sMass[[1]], y2sWide[[1]]},
                          {y3sMass[[1]], y3sWide[[1]]} } ]

Interpolation::inhr: 
   Requested order is too high; order has been reduced to {2}.

Out[8]= InterpolatingFunction[{{9.46009, 10.3584}}, <>]

sigma = interp[10.580] / 1000 (* put sigma in GeV as well *)

InterpolatingFunction::dmval: 
   Input value {10.58} lies outside the range of data in the interpolating function. Extrapolation
     will be used.

Out[223]= 0.00507333

<< Statistics`DescriptiveStatistics`



y1sSpread = StandardDeviation[ {9.46040099683862, 9.46034679215116,
				9.46022373306234, 9.46000548013409,
				9.46014216298125, 9.45981460184117,
				9.45980300642493} ]

Out[15]= 0.000240483

y2sSpread = StandardDeviation[ {10.0246158426987, 10.0244956397198,
				10.0243920127610, 10.0240620431931} ]

Out[16]= 0.000237849

y3sSpread = StandardDeviation[ {10.3587573240278, 10.3590401340337,
				10.3582679727764, 10.3580791342935,
				10.3580572606527, 10.3580600167044,
				10.3582515269087} ]

Out[17]= 0.000387557

spread = Mean[ {y1sSpread, y2sSpread, y3sSpread} ]

Out[18]= 0.00028863

bbarThresh = 2.*5.2794;
bbarThresh2 = bbarThresh^2;

y4sMass = 10.5800;

(* pure phase space *)
Solve[ const*Sqrt[s/4 - 5.2794^2]/(s/4) == 0.010 /. s -> y4sMass^2, const ];
gamma[s_] := Module[{g = 0.836052 * Sqrt[s/4 - 5.2794^2]/(s/4)}, If[ Im[g] == 0 && g > 0, g, 0 ] ];
Plot[ gamma[s], {s, bbarThresh^2, y4sMass^2} ];

dgamds = D[ 0.836052 * Sqrt[s/4 - 5.2794^2]/(s/4), s ] /. s -> y4sMass^2

Out[244]= 0.0110678

Integrate[ 0.836052 * Sqrt[theS/4 - 5.2794^2]/(theS/4)
	   * (1/(y4sMass^2-sprime) - 1/(theS-sprime)), sprime ] // InputForm

integral = (3.344208*Sqrt[-27.87206436 + theS/4]*
	    (-Log[Abs[111.9364 - 1.*sprime]] + Log[Abs[sprime - theS]]))/theS;
renormMass2[s_] := y4sMass^2 + y4sMass
    * ((integral /. {sprime -> 100000^2, theS -> s})
       - (integral /. {sprime -> bbarThresh2, theS -> s})) / Pi

Plot[Sqrt[renormMass2[s]], {s, (y4sMass-0.020)^2, (y4sMass+0.020)^2}];

Table[ {i, Sqrt[renormMass2[(y4sMass+i)^2]]}, {i, -0.021, 0.019, 0.005} ] // TableForm

Out[175]//TableForm= -0.021   10.5807

                     -0.016   10.5811

                     -0.011   10.5808

                     -0.006   10.5804

                     -0.001   10.5801

                     0.004    10.5797

                     0.009    10.5793

                     0.014    10.579

                     0.019    10.5786

Might as well put in the mass shifts. They account for about an MeV on
the scale I'm interested in (4 * beam energy spread).

hxsOverGammaEE[s_] := 12 Pi gamma[s] / ((s - renormMass2[s])^2 + y4sMass^2 * gamma[s]^2);
Plot[ hxsOverGammaEE[en^2]//Chop, {en, y4sMass-3*sigma, y4sMass+3*sigma}, 
      PlotRange -> All ];

Table[ {i, hxsOverGammaEE[(y4sMass+i)^2]}, {i, -0.021, 0.019, 0.005} ] // TableForm

